20240518

Model:
All
RMSE: 1.092112
MAE: 0.460564
R2: 0.999991

Test set
RMSE: 1.148062
MAE: 0.461774
R2: 0.999990