20240518

Model:
RMSE: 1.092112
MAE: 0.460564
R2: 0.999991